167
0 0
0.402848421177 0.00219788570688
0.803778330334 0.00515539948947
1.20319521475 0.00910380792211
1.60285511355 0.0140529072186
2.00324888007 0.0199468745859
2.40352984266 0.0257578478637
2.80245182466 0.0317298016577
3.20202349774 0.0372796525722
3.6022305165 0.0422408709115
4.00016878703 0.0465643624156
4.401625451 0.0498079183193
4.8023992487 0.0521654851108
5.20105409159 0.0528297531372
5.59981611397 0.0517146455422
6.00055632927 0.0534201996388
6.39968364116 0.0789679888167
6.79579672797 0.147596283772
7.18327421431 0.260931104056
7.55425580548 0.4148479704
7.90870938182 0.606961077001
8.23807728712 0.836214807799
8.54416785549 1.10360289531
8.81639142248 1.39928909696
9.05293210208 1.72114358619
9.2515771029 2.0673330554
9.41652231718 2.42866308389
9.56280144361 2.799642683
9.69096248676 3.17797025992
9.79743526126 3.55737396364
9.86621967844 3.95076298433
9.89254473175 4.34406946502
9.9040475528 4.73866519906
9.9116144153 5.14154887819
9.91718899811 5.54335429225
9.92253360094 5.94497125176
9.92891841255 6.34453893225
9.93638396918 6.7303225139
9.94566867199 7.14264135007
9.95611751615 7.54150547436
9.96860331047 7.94470809077
9.98321167649 8.34180563683
9.99902007701 8.74341056208
9.9919760203 9.1429242585
9.92641849188 9.51909317302
9.77645148419 9.91702975856
9.56543745236 10.2565817572
9.27688177591 10.5499806619
8.92496621807 10.7413256341
8.5356930166 10.8132170227
8.15887509668 10.7892918766
7.75299978141 10.6968517787
7.37017967993 10.6070008973
6.97765994799 10.5308052154
6.58298237538 10.4645284678
6.18338895062 10.3996564823
5.7971036488 10.337390868
5.39807184558 10.2731980708
5.01045743709 10.2111823605
4.60958717947 10.1468904728
4.21806043451 10.0836820105
3.81953238474 10.0169023763
3.44117860166 9.93006786788
3.04545490221 9.77196670555
2.70750161524 9.55672953961
2.41266621803 9.28593501844
2.17490433399 8.96986730704
1.99016127264 8.61682946081
1.82997516342 8.25207074195
1.68492098575 7.88370313681
1.54354244227 7.51288758627
1.40878124468 7.15031094668
1.27150786206 6.76716299938
1.13745164344 6.38416495003
0.988259604173 6.00892318108
0.806434048382 5.64794205451
0.591287206834 5.30827915463
0.344129323339 4.99333008715
0.0673725185322 4.70773877099
-0.238976773546 4.45478372369
-0.55402565543 4.24911286012
-0.929235733704 4.06153811822
-1.30412504243 3.92653765182
-1.69066372377 3.83348144731
-2.08160417493 3.78419092682
-2.47783356818 3.77819399464
-2.8721588151 3.81535526354
-3.27200539543 3.89723005021
-3.65855011901 4.0156491261
-4.03366352653 4.17021967773
-4.39151364077 4.35975858192
-4.7262443928 4.5846994547
-5.03433616917 4.8397719482
-5.33162068518 5.11108355687
-5.6196967179 5.37781036867
-5.91877365011 5.6469384875
-6.21926010594 5.90568446626
-6.53266919452 6.16030518463
-6.84670731608 6.40586686797
-7.16471589724 6.63943499053
-7.49345055545 6.88250449366
-7.80890171497 7.12321309995
-8.12606419614 7.37073214449
-8.43962425833 7.61869267467
-8.76376381622 7.85330427697
-9.10461421089 8.06360741882
-9.46255565776 8.23772641714
-9.83750414763 8.3698714643
-10.225057663 8.45821572876
-10.6173821008 8.50316217978
-11.0123117783 8.50549099651
-11.4009889141 8.46653279266
-11.7946783795 8.38588214027
-12.1842361457 8.2674710317
-12.5564039654 8.11126858611
-12.9068136007 7.91611235374
-13.2371773254 7.6845420336
-13.5333845941 7.42643627616
-13.813304408 7.12210907973
-14.0473931008 6.79843559089
-14.243056936 6.44819387716
-14.3994919108 6.07614643686
-14.5118667289 5.69724823295
-14.5824930551 5.30462236729
-14.6118959852 4.91121565726
-14.6020196487 4.51370850218
-14.5492993929 4.11582439499
-14.4495114233 3.7230227207
-14.3077429291 3.34907317134
-14.1229655376 2.9913568745
-13.8990207491 2.65454176674
-13.6390840519 2.3451986989
-13.3475913709 2.06675695302
-13.0290806671 1.82285170375
-12.690132353 1.61649545749
-12.3389388829 1.43919997943
-11.9671702228 1.27427678706
-11.5952729337 1.13041147586
-11.2182229384 1.00552536899
-10.833750961 0.89846520972
-10.4461189881 0.810247103837
-10.0592654441 0.741158895396
-9.65884988242 0.68882649615
-9.26443424896 0.656342098685
-8.89027687906 0.641733223151
-8.47404691631 0.643365612136
-8.09028442246 0.656882690123
-7.6742130278 0.673994664314
-7.28404204339 0.679370434896
-6.86965404099 0.668701024488
-6.47457909378 0.642198800642
-6.07386008362 0.599220204066
-5.67385269392 0.540472856109
-5.281425769 0.467672095581
-4.89079147106 0.37925758234
-4.50347314171 0.275727029879
-4.11812600952 0.155486559266
-3.73575997733 0.0301635306901
-3.35434522625 -0.080307701489
-2.96511293912 -0.172689390479
-2.57065773341 -0.231197853519
-2.17202581563 -0.250362369885
-1.78107324018 -0.256071792143
-1.37481449086 -0.258988517043
-0.976226165195 -0.247417006455
-0.57845278183 -0.224358323817
-0.177961528131 -0.19888702381
